household week brand
2005080 20190112 19
2005080 20190126 13
2005080 20190209 13
2005080 20190223 13
2005080 20190309 13
2005080 20190316 19
2005080 20190330 19
2005080 20190413 13
2005080 20190427 19
2005080 20190427 13
2005080 20190511 19
2005080 20190525 13
2005080 20190601 19
2005080 20190615 13
2005080 20190629 13
2005080 20190706 19
2005080 20190727 13
2005080 20190803 19
2005080 20190824 19
2005080 20190907 13
2005080 20190928 13
2005080 20191005 13
2005080 20191019 13
2005080 20191109 13
2005080 20191116 13
2005080 20191130 19
2005080 20191214 19
2005080 20191221 13
2005080 20191228 13
2010477 20190126 13
2010477 20190216 13
2010477 20190330 14
2010477 20191228 13
2019662 20190720 13
2019662 20190824 13
2019662 20190914 13
2019662 20191019 13
2019662 20191221 13
2019776 20190105 18
2019776 20190112 29
2019776 20190112 29
2019776 20190126 23
2019776 20190209 18
2019776 20190309 23
2019776 20190406 16
2019776 20190504 16
2019776 20190504 16
2019776 20190504 18
2019776 20190525 17
2019776 20190608 16
2019776 20190608 18
2019776 20190622 16
2019776 20190622 23
2019776 20190720 16
2019776 20190824 29
2019776 20190824 29
2019776 20191130 29
2019776 20191130 23
2020551 20190119 13
2020551 20190119 13
2020551 20190126 45
2020551 20190216 13
2020551 20190302 13
2020551 20190309 45
2020551 20190323 13
2020551 20190330 13
2020551 20190406 45
2020551 20190413 45
2020551 20190420 13
2020551 20190427 1
2020551 20190427 13
2020551 20190511 13
2020551 20190518 1
2020551 20190518 1
2020551 20190525 13
2020551 20190525 1
2020551 20190615 45
2020551 20190622 13
2020551 20190629 45
2020551 20190629 45
2020551 20190713 13
2020551 20190713 13
2020551 20190727 13
2020551 20190810 13
2020551 20190817 1
2020551 20190824 13
2020551 20190831 1
2020551 20190921 13
2020551 20191026 1
2020551 20191026 13
2020551 20191123 1
2020551 20191221 45
2020632 20190112 29
2020632 20190323 13
2020632 20190413 33
2020632 20191005 33
2020632 20191005 13
2020632 20191207 33
2020652 20190209 17
2020652 20190209 8
2020652 20190223 14
2020652 20190223 14
2020652 20190330 14
2020652 20190330 14
2020652 20190330 19
2020652 20190615 17
2020652 20190615 8
2020652 20190727 17
2020652 20190727 19
2020652 20190817 5
2020652 20190817 17
2020652 20191102 8
2020652 20191102 17
2027265 20190112 20
2027265 20190112 13
2027265 20190720 13
2028820 20190504 17
2028820 20190504 17
2028820 20190504 13
2028820 20190504 13
2028820 20190608 19
2028820 20190608 45
2028820 20190608 19
2029470 20190511 5
2029470 20190831 5
2029470 20190831 17
2029470 20190831 5
2029470 20190831 13
2029470 20191123 5
2031722 20190105 22
2031722 20190105 22
2031722 20191005 23
2031722 20191005 23
2031722 20191005 22
2031722 20191102 23
2039522 20190302 10
2039522 20190323 10
2039522 20190330 8
2039522 20190413 8
2039522 20190504 8
2039522 20190525 10
2039522 20190608 10
2039522 20190608 8
2039522 20190706 10
2039522 20190817 10
2039522 20190914 8
2039522 20190921 8
2039522 20190921 10
2039522 20191012 10
2039522 20191109 8
2039522 20191109 10
2039522 20191116 8
2039522 20191116 10
2039522 20191214 8
2060828 20190202 17
2060828 20190202 17
2060828 20190202 17
2060828 20190202 17
2060828 20190615 17
2060828 20190615 17
2060828 20190615 17
2060828 20190615 17
2060828 20190615 17
2064317 20190216 13
2064317 20190713 13
2064317 20190720 13
2064317 20190727 13
2064317 20190803 13
2064317 20190907 29
2064317 20191026 13
2064317 20191221 13
2088270 20190105 18
2088270 20190105 17
2088270 20190105 12
2088270 20190105 3
2088270 20190105 17
2088270 20190309 10
2088270 20190309 18
2088270 20190309 18
2088270 20190309 20
2088270 20190316 30
2088270 20190316 1
2088270 20190316 8
2088270 20190323 10
2088270 20190323 3
2088270 20190406 10
2088270 20190406 10
2088270 20190406 36
2088270 20190504 30
2088270 20190504 25
2088270 20190504 30
2088270 20190504 30
2088270 20190504 36
2088270 20190504 17
2088270 20190615 25
2088270 20190615 30
2088270 20190615 17
2088270 20190615 12
2088270 20190615 10
2088270 20190706 12
2088270 20190713 17
2088270 20190713 18
2088270 20190713 3
2088270 20190803 8
2088270 20190803 8
2088270 20190831 8
2088270 20190831 30
2088270 20190907 12
2088270 20190907 25
2088270 20190914 10
2088270 20191109 36
2088270 20191109 8
2088270 20191214 8
2099944 20190126 25
2099944 20190216 36
2099944 20190216 36
2099944 20190216 36
2099944 20190216 31
2099944 20190413 3
2099944 20190413 25
2099944 20190413 25
2099944 20190413 9
2099944 20190413 25
2099944 20190413 3
2099944 20190504 3
2099944 20190504 3
2099944 20190608 36
2099944 20190608 9
2099944 20190608 9
2099944 20190608 9
2099944 20190608 9
2099944 20190629 9
2099944 20190629 31
2099944 20190629 25
2099944 20190629 9
2099944 20190629 9
2099944 20190720 36
2099944 20191005 3
2099944 20191005 36
2099944 20191005 3
2099944 20191109 9
2099944 20191109 25
2099944 20191109 36
2099944 20191109 36
2099944 20191228 9
2099944 20191228 3
2099944 20191228 36
2099944 20191228 9
2102014 20190518 34
2102014 20190518 34
2102014 20190810 34
2111850 20190302 26
2111850 20190824 15
2111850 20190824 13
2111850 20190824 13
2111850 20190824 25
2113622 20190504 13
2113622 20190504 13
2113622 20190824 13
2114800 20190727 10
2114800 20190727 10
2114800 20190727 10
2114850 20190126 11
2114850 20190126 11
2114850 20190126 11
2114850 20190126 11
4312513 20190112 22
4312513 20190119 36
4312513 20190209 22
4312513 20190209 3
4312513 20190223 36
4312513 20190406 22
4312513 20190406 22
4312513 20190420 22
4312513 20190420 36
4312513 20190427 22
4312513 20190601 26
4312513 20190601 22
4312513 20190601 3
4312513 20190601 22
4312513 20190622 36
4312513 20190720 36
4312513 20190720 36
4312513 20190720 36
4312513 20190803 22
4312513 20190824 26
4312513 20190921 3
4312513 20191102 22
4312513 20191123 36
4312513 20191214 22
4312513 20191214 26
4315890 20190105 15
4315890 20190202 17
4315890 20190202 17
4315890 20190309 15
4315890 20190309 17
4315890 20190518 14
4315890 20190518 2
4315890 20190615 2
4315890 20190615 14
4315890 20190706 14
4315890 20190907 14
4315890 20191012 31
4315890 20191019 15
4315890 20191123 15
4315890 20191207 31
4315890 20191207 14
4315890 20191228 17
4322327 20190302 14
4322327 20190302 14
4322327 20190309 14
4322327 20190406 14
4324121 20190112 36
4324121 20190112 25
4324121 20190112 25
4324121 20190112 14
4324121 20190706 20
4324121 20190706 1
4324121 20190706 13
4324121 20190907 10
